f = 100;
M = 50;
m = 10;
ddx = 0;
dx = 0;
x = 0;
dphi = 2;
phi = 20;
l = 1;
g = 9.81;
